9135
1808
1845
1792
3488
3088
1485
2984
1740
4995
9525
2224
14565
3960
3728
10485
2940
976
4215
2768
128
9645
5415
4080
160
88
1840
9600
3440
3915
4545
9795
2625
8175
136
3032
11595
2584
608
3184
6780
5145
7440
368
10575
6000
10845
12975
4515
680
14985
4875
3136
7560
2728
2080
14745
1760
6135
1216
2968
11955
13575
1365
584
8940
1785
11445
760
6720
4785
9375
448
1905
3615
8160
3296
7980
7620
2368
6345
7125
3352
13065
11235
2128
4020
2475
3060
525
60
9480
13215
3975
7200
8340
3008
7320
11835
8400
6285
10095
2072
3776
3360
1815
4065
3900
13155
11505
7785
12765
8040
2280
640
8895
12615
944
12075
2840
825
2024
1952
14445
1504
6360
9735
592
9915
13965
13035
13185
45
3160
1432
960
8700
664
3208
1280
10365
11085
3520
544
5940
4035
272
2120
64
8820
2696
560
2025
9765
8985
1035
1240
2168
3328
1725
1856
3824
6375
13665
2336
5535
165
13695
5985
1515
540
14625
14265
1575
13485
10125
5025
2312
1184
13245
704
3608
872
3600
300
4815
3800
7260
6915
2824
10335
10815
5355
1600
14535
1995
4365
1860
2235
2944
3568
896
675
12795
7095
736
2608
8955
5475
5595
7005
7935
6480
2160
3536
1155
2992
2240
1120
1352
8775
2600
3304
2680
12345
3165
6660
7275
10905
2560
13395
14205
2960
5700
13305
7755
3525
600
1768
3255
3780
3285
2464
3928
12435
1695
856
1016
2565
3248
7305
3735
3344
2205
1168
1500
14085
6525
2445
11145
8205
7035
296
9345
8880
780
5715
720
6615
248
3880
7485
280
3920
13545
3435
1935
1576
1064
2176
928
968
1605
536
5040
3840
3416
1696
7065
5175
8385
9975
12885
765
495
105
4260
9825
344
4740
10725
7800
6555
13995
1528
12645
4965
3080
12525
9180
10425
728
3555
11325
11355
13845
7380
848
2776
5265
784
7500
3315
1545
1592
3592
3464
3544
152
14865
13275
3736
7575
2360
952
1640
6855
1672
14475
8595
12105
7080
8355
3016
6960
1112
3688
4005
10875
400
7860
2355
11535
1360
232
6975
1552
6675
8115
10545
304
1976
3075
3664
2145
1215
688
2200
3704
2888
9675
7845
12255
3885
8220
2805
3660
3272
2385
5055
3720
8535
808
1335
9120
420
5685
4500
12405
1620
14835
1288
5640
112
8055
5520
2580
8580
11745
2264
3616
6900
14505
1304
512
2175
13635
13605
656
7815
12585
2344
6195
920
2864
3872
1984
1312
10035
2265
5235
3952
255
13875
1384
6015
13095
1688
3585
5580
13935
1816
5955
7185
1496
9300
3448
2248
3345
1965
1328
4755
8460
12735
880
776
8625
615
3405
14685
6405
11175
8325
2192
1200
3992
6600
705
2816
2925
5220
1960
1665
1800
12945
9240
1264
11265
6435
3752
7365
1000
5505
6825
6795
3784
10755
10455
2920
392
3195
1616
3000
6885
320
6945
7635
2456
1136
5625
2552
12465
2144
7920
56
2895
3424
3705
3825
1560
9705
5085
184
4425
2648
2325
4095
2392
2384
9255
224
2632
4245
4485
11385
14925
945
2400
2955
1980
1440
2752
8715
9540
6465
3120
5400
3795
4575
2896
7725
3856
7995
3104
4905
1712
9195
416
5340
13785
1395
6165
12555
8760
6255
2040
3064
8865
9885
1755
2624
3540
2848
2008
3832
7695
7665
9660
1912
2520
32
2715
1005
5205
11865
840
2085
832
8280
9615
13365
3128
13455
13905
10515
2408
1448
11025
10005
900
1455
10155
9285
2535
1904
1160
9780
992
1380
2536
2528
7515
9075
1520
8100
5835
1245
885
2488
8145
2100
8745
5655
5925
3465
11055
13815
3280
6045
424
6735
3495
11625
3376
7335
1864
11805
8640
1144
4200
9165
2000
2576
1185
5745
4305
3640
2704
568
3135
9000
1024
752
2504
7875
3300
6420
11415
3512
75
6540
9960
7245
6495
6105
5100
2672
3224
3320
14805
3015
4800
5565
2032
480
2048
7215
2685
2792
1256
2655
14025
14595
1088
3232
1080
1648
795
435
3400
3496
315
4935
4665
9405
4920
7425
10605
3808
5295
6240
1424
6645
7740
1456
14775
2296
2152
4380
12915
6705
10935
1744
8925
375
1928
3855
208
1072
14385
14175
1208
7155
8295
12015
9060
12285
13755
2775
8235
1635
11715
12705
555
6585
9855
6075
7965
3472
2416
5325
4185
256
1624
1408
14325
3560
2216
465
3584
10695
3112
4860
735
2340
1192
4125
3944
6225
2056
2700
4620
4635
12045
13125
2720
11655
2512
5805
2460
712
11925
12195
2936
8265
10215
1376
4680
9315
12165
9420
3152
8085
3712
405
14145
2820
2745
10995
11565
440
3848
8805
12135
915
14715
352
200
5460
2272
1305
104
3392
3656
14115
3040
2096
3760
2872
1888
645
9840
8655
12855
9465
8475
4560
7395
12375
2104
13005
496
1920
3056
6315
1096
376
11775
2835
2415
1784
11685
12495
3368
1832
10305
14895
12315
8835
8565
285
1020
14655
800
176
2640
12825
11985
3176
520
225
4725
3645
9225
3240
4335
8505
14415
3045
1095
3968
15
6060
9900
1875
1232
2985
5895
4605
10785
4140
2595
8415
360
14235
5775
3180
5880
7680
464
328
4845
3680
4980
5760
1065
7455
2800
3225
4440
9585
2480
345
9015
3976
9945
2115
7020
1480
2744
2880
10245
8025
8685
9555
2440
4000
12225
1260
2055
7545
13725
2656
1720
3105
9105
1568
5445
5820
1048
4395
8445
11895
9435
975
4155
13335
14295
11115
11205
10635
632
6180
2295
2760
4275
3375
11475
2912
8
5865
1320
10965
3945
1140
16
13425
180
6765
1275
1880
3420
3904
2220
9720
9495
3675
1125
2865
9045
10185
3896
7905
8520
240
1425
6840
14055
824
10395
7605
2505
3480
3200
4320
616
1936
10065
2288
585
14955
5115
14355
1680
9360
195
135
1736
660
80
855
488
3765
12675
40
1664
120
3256
5280
4695
4455
904
1472
6300
1544
3632
1400
1336
10275
13515
1040
10665
2432
2320
6120
5160
11295
472
5385
7140
