8
15
16
32
40
45
56
60
64
75
80
88
104
105
112
120
128
135
136
152
160
165
176
180
184
195
200
208
224
225
232
240
248
255
256
272
280
285
296
300
304
315
320
328
344
345
352
360
368
375
376
392
400
405
416
420
424
435
440
448
464
465
472
480
488
495
496
512
520
525
536
540
544
555
560
568
584
585
592
600
608
615
616
632
640
645
656
660
664
675
680
688
704
705
712
720
728
735
736
752
760
765
776
780
784
795
800
808
824
825
832
840
848
855
856
872
880
885
896
900
904
915
920
928
944
945
952
960
968
975
976
992
1000
1005
1016
1020
1024
1035
1040
1048
1064
1065
1072
1080
1088
1095
1096
1112
1120
1125
1136
1140
1144
1155
1160
1168
1184
1185
1192
1200
1208
1215
1216
1232
1240
1245
1256
1260
1264
1275
1280
1288
1304
1305
1312
1320
1328
1335
1336
1352
1360
1365
1376
1380
1384
1395
1400
1408
1424
1425
1432
1440
1448
1455
1456
1472
1480
1485
1496
1500
1504
1515
1520
1528
1544
1545
1552
1560
1568
1575
1576
1592
1600
1605
1616
1620
1624
1635
1640
1648
1664
1665
1672
1680
1688
1695
1696
1712
1720
1725
1736
1740
1744
1755
1760
1768
1784
1785
1792
1800
1808
1815
1816
1832
1840
1845
1856
1860
1864
1875
1880
1888
1904
1905
1912
1920
1928
1935
1936
1952
1960
1965
1976
1980
1984
1995
2000
2008
2024
2025
2032
2040
2048
2055
2056
2072
2080
2085
2096
2100
2104
2115
2120
2128
2144
2145
2152
2160
2168
2175
2176
2192
2200
2205
2216
2220
2224
2235
2240
2248
2264
2265
2272
2280
2288
2295
2296
2312
2320
2325
2336
2340
2344
2355
2360
2368
2384
2385
2392
2400
2408
2415
2416
2432
2440
2445
2456
2460
2464
2475
2480
2488
2504
2505
2512
2520
2528
2535
2536
2552
2560
2565
2576
2580
2584
2595
2600
2608
2624
2625
2632
2640
2648
2655
2656
2672
2680
2685
2696
2700
2704
2715
2720
2728
2744
2745
2752
2760
2768
2775
2776
2792
2800
2805
2816
2820
2824
2835
2840
2848
2864
2865
2872
2880
2888
2895
2896
2912
2920
2925
2936
2940
2944
2955
2960
2968
2984
2985
2992
3000
3008
3015
3016
3032
3040
3045
3056
3060
3064
3075
3080
3088
3104
3105
3112
3120
3128
3135
3136
3152
3160
3165
3176
3180
3184
3195
3200
3208
3224
3225
3232
3240
3248
3255
3256
3272
3280
3285
3296
3300
3304
3315
3320
3328
3344
3345
3352
3360
3368
3375
3376
3392
3400
3405
3416
3420
3424
3435
3440
3448
3464
3465
3472
3480
3488
3495
3496
3512
3520
3525
3536
3540
3544
3555
3560
3568
3584
3585
3592
3600
3608
3615
3616
3632
3640
3645
3656
3660
3664
3675
3680
3688
3704
3705
3712
3720
3728
3735
3736
3752
3760
3765
3776
3780
3784
3795
3800
3808
3824
3825
3832
3840
3848
3855
3856
3872
3880
3885
3896
3900
3904
3915
3920
3928
3944
3945
3952
3960
3968
3975
3976
3992
4000
4005
4020
4035
4065
4080
4095
4125
4140
4155
4185
4200
4215
4245
4260
4275
4305
4320
4335
4365
4380
4395
4425
4440
4455
4485
4500
4515
4545
4560
4575
4605
4620
4635
4665
4680
4695
4725
4740
4755
4785
4800
4815
4845
4860
4875
4905
4920
4935
4965
4980
4995
5025
5040
5055
5085
5100
5115
5145
5160
5175
5205
5220
5235
5265
5280
5295
5325
5340
5355
5385
5400
5415
5445
5460
5475
5505
5520
5535
5565
5580
5595
5625
5640
5655
5685
5700
5715
5745
5760
5775
5805
5820
5835
5865
5880
5895
5925
5940
5955
5985
6000
6015
6045
6060
6075
6105
6120
6135
6165
6180
6195
6225
6240
6255
6285
6300
6315
6345
6360
6375
6405
6420
6435
6465
6480
6495
6525
6540
6555
6585
6600
6615
6645
6660
6675
6705
6720
6735
6765
6780
6795
6825
6840
6855
6885
6900
6915
6945
6960
6975
7005
7020
7035
7065
7080
7095
7125
7140
7155
7185
7200
7215
7245
7260
7275
7305
7320
7335
7365
7380
7395
7425
7440
7455
7485
7500
7515
7545
7560
7575
7605
7620
7635
7665
7680
7695
7725
7740
7755
7785
7800
7815
7845
7860
7875
7905
7920
7935
7965
7980
7995
8025
8040
8055
8085
8100
8115
8145
8160
8175
8205
8220
8235
8265
8280
8295
8325
8340
8355
8385
8400
8415
8445
8460
8475
8505
8520
8535
8565
8580
8595
8625
8640
8655
8685
8700
8715
8745
8760
8775
8805
8820
8835
8865
8880
8895
8925
8940
8955
8985
9000
9015
9045
9060
9075
9105
9120
9135
9165
9180
9195
9225
9240
9255
9285
9300
9315
9345
9360
9375
9405
9420
9435
9465
9480
9495
9525
9540
9555
9585
9600
9615
9645
9660
9675
9705
9720
9735
9765
9780
9795
9825
9840
9855
9885
9900
9915
9945
9960
9975
10005
10035
10065
10095
10125
10155
10185
10215
10245
10275
10305
10335
10365
10395
10425
10455
10485
10515
10545
10575
10605
10635
10665
10695
10725
10755
10785
10815
10845
10875
10905
10935
10965
10995
11025
11055
11085
11115
11145
11175
11205
11235
11265
11295
11325
11355
11385
11415
11445
11475
11505
11535
11565
11595
11625
11655
11685
11715
11745
11775
11805
11835
11865
11895
11925
11955
11985
12015
12045
12075
12105
12135
12165
12195
12225
12255
12285
12315
12345
12375
12405
12435
12465
12495
12525
12555
12585
12615
12645
12675
12705
12735
12765
12795
12825
12855
12885
12915
12945
12975
13005
13035
13065
13095
13125
13155
13185
13215
13245
13275
13305
13335
13365
13395
13425
13455
13485
13515
13545
13575
13605
13635
13665
13695
13725
13755
13785
13815
13845
13875
13905
13935
13965
13995
14025
14055
14085
14115
14145
14175
14205
14235
14265
14295
14325
14355
14385
14415
14445
14475
14505
14535
14565
14595
14625
14655
14685
14715
14745
14775
14805
14835
14865
14895
14925
14955
14985
