154
846
809
862
493
893
1169
997
914
313
1091
430
32
21
253
131
1041
351
1093
1213
1199
971
1220
1228
1167
1239
814
1016
541
66
763
821
29
1114
1191
949
348
70
719
797
1182
163
522
959
41
635
1098
295
793
647
939
433
845
402
1253
574
1179
894
500
111
1013
1315
1022
1289
743
349
869
498
567
1242
523
1241
879
749
366
1129
685
1309
342
286
290
837
629
205
708
526
1288
179
921
802
1267
1136
55
6
762
949
973
642
108
889
350
521
582
205
621
839
1243
81
115
438
177
505
1249
374
687
394
655
383
1195
1141
502
630
702
152
1150
275
881
735
701
632
235
85
1282
821
1222
367
589
663
773
47
251
858
461
783
695
1273
1055
534
1263
469
1285
767
629
851
304
292
87
486
653
929
798
157
260
932
318
1100
1162
902
650
1139
787
1299
332
1079
1112
491
283
342
143
25
623
373
455
381
1027
493
181
702
1047
1157
281
1128
1280
1054
62
659
943
794
419
1037
413
431
652
475
867
591
46
334
1160
1040
957
27
155
494
445
172
989
414
207
1302
514
54
677
1301
925
816
1302
687
1038
94
1202
392
1021
935
1292
207
456
727
886
726
201
696
190
53
835
959
471
311
89
733
657
246
637
449
159
1154
512
110
209
798
1084
927
1031
1271
409
547
920
607
20
1079
101
477
1047
61
1052
546
719
1078
263
478
399
359
1049
791
268
141
565
958
897
133
904
641
385
562
832
1222
1048
791
983
568
1218
162
80
602
1126
625
343
901
745
109
191
599
426
618
588
752
582
479
1205
43
543
462
666
1109
1062
389
517
437
1175
1059
1322
245
387
294
375
1014
1107
982
122
694
1165
882
934
965
1002
215
293
1303
1068
927
102
299
408
1294
1095
987
1102
1287
1174
71
1023
678
906
317
509
112
639
454
277
1093
941
117
1015
96
1069
1176
321
709
269
253
261
754
519
1319
169
907
950
808
865
1034
1089
39
995
1215
1234
1115
74
709
198
390
365
1062
92
23
815
479
962
992
671
147
685
310
440
407
1117
109
670
15
581
389
73
29
1072
722
1270
620
175
966
396
1055
662
838
680
777
1158
1316
533
406
636
689
1326
553
829
535
447
551
664
712
576
1239
230
768
964
462
127
1316
35
622
1165
1056
88
694
989
854
325
49
63
678
200
229
597
327
1130
1137
1167
197
1188
161
1061
935
786
1038
981
1077
1007
1017
327
198
191
1010
102
805
510
42
1271
1086
557
276
156
1094
911
223
1143
883
6
329
1213
262
270
34
1103
22
1063
823
558
999
382
254
1026
674
1214
1229
574
1076
170
861
1235
186
733
1085
237
125
1294
877
403
942
94
911
1295
812
1259
470
715
529
380
614
917
424
731
899
30
441
1133
646
149
267
297
956
742
134
1295
1266
322
103
78
487
569
495
1009
1001
1232
853
1142
692
101
246
1206
918
611
427
1199
461
4
119
750
167
836
335
1274
118
126
447
214
1134
1189
800
82
442
166
1144
554
544
980
710
516
888
782
701
590
903
1227
486
318
605
627
790
138
649
183
1108
124
654
78
142
890
1003
341
1277
759
846
289
303
575
150
87
681
215
528
469
1252
95
656
717
140
530
208
1309
757
661
1119
966
508
1070
622
847
606
747
1296
1189
71
1326
572
2
239
749
247
1006
532
892
581
485
1012
373
643
1211
388
537
11
173
13
395
1230
1317
222
1198
1149
358
502
928
355
1257
1008
910
364
952
726
126
1119
255
212
422
119
807
994
1255
229
985
842
1206
1054
1019
228
565
772
50
761
560
1324
509
238
1310
1123
1071
1030
1246
272
421
438
862
397
1248
869
448
592
314
135
1183
37
410
598
1281
688
673
1225
145
1261
288
142
830
194
615
18
1075
1045
1024
401
1278
628
1301
1105
1196
829
1204
269
922
452
1161
1236
948
378
887
133
484
1135
412
1209
975
1127
1175
382
22
1223
589
325
482
941
558
221
1109
766
682
776
634
415
1151
814
748
567
895
550
265
831
734
925
320
231
951
168
1146
239
870
258
775
613
822
311
1029
955
454
724
1042
307
1269
527
1151
14
445
1285
805
807
1102
583
336
64
741
973
784
182
936
232
13
1312
575
716
779
95
996
740
703
1158
1168
59
874
967
362
860
801
755
282
863
999
463
301
328
875
262
507
1181
756
868
1031
174
982
274
5
671
539
942
1174
1237
1101
371
1264
604
1061
214
1308
1045
67
599
417
872
1325
934
876
184
1086
1190
815
279
913
844
48
1181
352
1153
1262
302
828
738
1308
695
455
359
1221
1033
606
468
1069
1319
770
7
978
36
187
1311
1172
1147
1197
52
774
561
77
434
896
1121
306
202
1116
244
431
85
57
769
1087
1229
1122
542
503
221
357
149
501
781
988
711
718
551
366
742
969
193
242
974
1256
1132
1192
918
667
1247
472
839
216
595
1287
990
1207
725
28
613
853
423
1182
335
1110
349
1254
1318
341
1082
287
1278
222
334
515
148
648
855
1250
822
