01011110
01000111
01101100
11011011
10100000
11011111
01010011
00111100
00111110
00010000
00111101
11110100
11001100
00010001
10001010
01001110
11011111
11010000
00111000
01000100
00111100
00101101
01000011
00110110
11110011
10010100
10011000
00111101
10101010
00110000
01110110
00110011
11111000
00100101
11100111
11111100
01001111
01011101
01111101
11111011
01110011
00000101
01000001
11101100
01001101
01111110
01111011
01110000
10110001
10111010
00111011
11101011
01110110
10001111
01001100
10110101
00111010
10100000
10001100
10010101
00100111
10011001
10000101
01000101
11001110
11001110
10000000
01101011
00010101
10001011
01100001
01111010
00101000
11011101
11010101
10000111
11101000
01010111
10101000
01000000
00000101
11010101
11010000
00111101
00000011
11011111
01000000
01110000
01001011
00110001
01110100
11001101
11000011
11100110
01000100
01111101
00100010
10001100
00111011
01000101
